0.000  0.2476
0.050  0.3405
0.100  0.4333
0.150  0.5262
0.200  0.6190
0.250  0.6190
0.300  0.6190
0.350  0.6190
0.400  0.6190
0.450  0.6190
0.500  0.6190
0.550  0.6190
0.600  0.6190
0.650  0.6190
0.700  0.6190
0.750  0.6190
0.800  0.6190
0.850  0.6190
0.900  0.6190
0.950  0.6190
1.000  0.6190
1.050  0.5895
1.100  0.5627
1.150  0.5383
1.200  0.5158
1.250  0.4952
1.300  0.4762
1.350  0.4585
1.400  0.4421
1.450  0.4269
1.500  0.4127
1.550  0.3994
1.600  0.3869
1.650  0.3752
1.700  0.3641
1.750  0.3537
1.800  0.3439
1.850  0.3346
1.900  0.3258
1.950  0.3174
2.000  0.3095
2.050  0.3020
2.100  0.2948
2.150  0.2879
2.200  0.2814
2.250  0.2751
2.300  0.2691
2.350  0.2634
2.400  0.2579
2.450  0.2527
2.500  0.2476
2.550  0.2427
2.600  0.2381
2.650  0.2336
2.700  0.2293
2.750  0.2251
2.800  0.2211
2.850  0.2172
2.900  0.2134
2.950  0.2098
3.000  0.2063
3.050  0.2030
3.100  0.1997
3.150  0.1965
3.200  0.1934
3.250  0.1905
3.300  0.1876
3.350  0.1848
3.400  0.1821
3.450  0.1794
3.500  0.1769
3.550  0.1744
3.600  0.1719
3.650  0.1696
3.700  0.1673
3.750  0.1651
3.800  0.1629
3.850  0.1608
3.900  0.1587
3.950  0.1567
4.000  0.1547
4.050  0.1528
4.100  0.1510
4.150  0.1492
4.200  0.1474
4.250  0.1456
4.300  0.1440
4.350  0.1423
4.400  0.1407
4.450  0.1391
4.500  0.1376
4.550  0.1360
4.600  0.1346
4.650  0.1331
4.700  0.1317
4.750  0.1303
4.800  0.1290
4.850  0.1276
4.900  0.1263
4.950  0.1251
5.000  0.1238
5.050  0.1226
5.100  0.1214
5.150  0.1202
5.200  0.1190
5.250  0.1179
5.300  0.1168
5.350  0.1157
5.400  0.1146
5.450  0.1136
5.500  0.1125
5.550  0.1115
5.600  0.1105
5.650  0.1096
5.700  0.1086
5.750  0.1077
5.800  0.1067
5.850  0.1058
5.900  0.1049
5.950  0.1040
6.000  0.1032
6.050  0.1023
6.100  0.1015
6.150  0.1007
6.200  0.0998
6.250  0.0990
6.300  0.0983
6.350  0.0975
6.400  0.0967
6.450  0.0960
6.500  0.0952
6.550  0.0945
6.600  0.0938
6.650  0.0931
6.700  0.0924
6.750  0.0917
6.800  0.0910
6.850  0.0904
6.900  0.0897
6.950  0.0891
7.000  0.0884
7.050  0.0878
7.100  0.0872
7.150  0.0866
7.200  0.0860
7.250  0.0854
7.300  0.0848
7.350  0.0842
7.400  0.0836
7.450  0.0831
7.500  0.0825
7.550  0.0820
7.600  0.0814
7.650  0.0809
7.700  0.0804
7.750  0.0799
7.800  0.0794
7.850  0.0789
7.900  0.0784
7.950  0.0779
8.000  0.0774
8.050  0.0769
8.100  0.0764
8.150  0.0760
8.200  0.0755
8.250  0.0750
8.300  0.0746
8.350  0.0741
8.400  0.0737
8.450  0.0733
8.500  0.0728
8.550  0.0724
8.600  0.0720
8.650  0.0716
8.700  0.0711
8.750  0.0707
8.800  0.0703
8.850  0.0699
8.900  0.0696
8.950  0.0692
9.000  0.0688
9.050  0.0684
9.100  0.0680
9.150  0.0677
9.200  0.0673
9.250  0.0669
9.300  0.0666
9.350  0.0662
9.400  0.0659
9.450  0.0655
9.500  0.0652
9.550  0.0648
9.600  0.0645
9.650  0.0641
9.700  0.0638
9.750  0.0635
9.800  0.0632
9.850  0.0628
9.900  0.0625
9.950  0.0622
