0.000  0.3720
0.050  0.5115
0.100  0.6510
0.150  0.7905
0.200  0.9300
0.250  0.9300
0.300  0.9300
0.350  0.9300
0.400  0.9300
0.450  0.9300
0.500  0.9300
0.550  0.9300
0.600  0.9300
0.650  0.9300
0.700  0.9300
0.750  0.9300
0.800  0.9300
0.850  0.9300
0.900  0.9300
0.950  0.9300
1.000  0.9300
1.050  0.8857
1.100  0.8455
1.150  0.8087
1.200  0.7750
1.250  0.7440
1.300  0.7154
1.350  0.6889
1.400  0.6643
1.450  0.6414
1.500  0.6200
1.550  0.6000
1.600  0.5813
1.650  0.5636
1.700  0.5471
1.750  0.5314
1.800  0.5167
1.850  0.5027
1.900  0.4895
1.950  0.4769
2.000  0.4650
2.050  0.4537
2.100  0.4429
2.150  0.4326
2.200  0.4227
2.250  0.4133
2.300  0.4043
2.350  0.3957
2.400  0.3875
2.450  0.3796
2.500  0.3720
2.550  0.3647
2.600  0.3577
2.650  0.3509
2.700  0.3444
2.750  0.3382
2.800  0.3321
2.850  0.3263
2.900  0.3207
2.950  0.3153
3.000  0.3100
3.050  0.3049
3.100  0.3000
3.150  0.2952
3.200  0.2906
3.250  0.2862
3.300  0.2818
3.350  0.2776
3.400  0.2735
3.450  0.2696
3.500  0.2657
3.550  0.2620
3.600  0.2583
3.650  0.2548
3.700  0.2514
3.750  0.2480
3.800  0.2447
3.850  0.2416
3.900  0.2385
3.950  0.2354
4.000  0.2325
4.050  0.2296
4.100  0.2268
4.150  0.2241
4.200  0.2214
4.250  0.2188
4.300  0.2163
4.350  0.2138
4.400  0.2114
4.450  0.2090
4.500  0.2067
4.550  0.2044
4.600  0.2022
4.650  0.2000
4.700  0.1979
4.750  0.1958
4.800  0.1937
4.850  0.1918
4.900  0.1898
4.950  0.1879
5.000  0.1860
5.050  0.1842
5.100  0.1824
5.150  0.1806
5.200  0.1788
5.250  0.1771
5.300  0.1755
5.350  0.1738
5.400  0.1722
5.450  0.1706
5.500  0.1691
5.550  0.1676
5.600  0.1661
5.650  0.1646
5.700  0.1632
5.750  0.1617
5.800  0.1603
5.850  0.1590
5.900  0.1576
5.950  0.1563
6.000  0.1550
6.050  0.1537
6.100  0.1525
6.150  0.1512
6.200  0.1500
6.250  0.1488
6.300  0.1476
6.350  0.1465
6.400  0.1453
6.450  0.1442
6.500  0.1431
6.550  0.1420
6.600  0.1409
6.650  0.1398
6.700  0.1388
6.750  0.1378
6.800  0.1368
6.850  0.1358
6.900  0.1348
6.950  0.1338
7.000  0.1329
7.050  0.1319
7.100  0.1310
7.150  0.1301
7.200  0.1292
7.250  0.1283
7.300  0.1274
7.350  0.1265
7.400  0.1257
7.450  0.1248
7.500  0.1240
7.550  0.1232
7.600  0.1224
7.650  0.1216
7.700  0.1208
7.750  0.1200
7.800  0.1192
7.850  0.1185
7.900  0.1177
7.950  0.1170
8.000  0.1163
8.050  0.1155
8.100  0.1148
8.150  0.1141
8.200  0.1134
8.250  0.1127
8.300  0.1120
8.350  0.1114
8.400  0.1107
8.450  0.1101
8.500  0.1094
8.550  0.1088
8.600  0.1081
8.650  0.1075
8.700  0.1069
8.750  0.1063
8.800  0.1057
8.850  0.1051
8.900  0.1045
8.950  0.1039
9.000  0.1033
9.050  0.1028
9.100  0.1022
9.150  0.1016
9.200  0.1011
9.250  0.1005
9.300  0.1000
9.350  0.0995
9.400  0.0989
9.450  0.0984
9.500  0.0979
9.550  0.0974
9.600  0.0969
9.650  0.0964
9.700  0.0959
9.750  0.0954
9.800  0.0949
9.850  0.0944
9.900  0.0939
9.950  0.0935
